-76 89 13

85 55 140

-67 66 -1

-58 -71 -129

-21 38 17

69 -2 67

66 -16 50

90 46 136

-14 -24 -38

90 41 131

5 38 43

-39 -81 -120

94 7 101

-35 8 -27

57 29 86

17 -43 -26

32 16 48

14 94 108

7 81 88

80 66 146

-23 -1 -24

-61 -32 -93

-70 -50 -120

88 80 168

-91 -54 -145

60 61 121

-65 10 -55

-83 -92 -175

-26 82 56

-32 24 -8

37 79 116

-80 -96 -176

-25 -73 -98

27 73 100

-56 -100 -156

59 14 73

-66 44 -22

2 2 4

21 21 42

28 11 39

66 -61 5

20 84 104

17 8 25

-16 -25 -41

-98 -8 -106

-41 -87 -128

-98 -6 -104

5 26 31

-58 -25 -83

74 -25 49

-8 -98 -106

44 82 126

-88 -98 -186

-26 -10 -36

-58 90 32

77 51 128

-36 56 20

8 53 61

46 -21 25

9 -77 -68

96 65 161

-99 -16 -115

-17 94 77

-41 72 31

-55 -85 -140

-45 62 17

-70 15 -55

-15 -96 -111

-31 -36 -67

52 -5 47

-17 7 -10

-83 -4 -87

38 -49 -11

-67 -7 -74

-59 50 -9

95 99 194

-99 63 -36

-69 -94 -163

46 -62 -16

50 90 140

-100 -8 -108

-96 72 -24

73 60 133

59 31 90

-81 85 4

35 50 85

-45 -5 -50

14 -1 13

19 -63 -44

69 -35 34

-85 67 -18

-34 -70 -104

-81 0 -81

27 -24 3

-35 81 46

-8 62 54

-18 72 54

-99 -94 -193

-12 86 74

80 8 88

75 8 83

-61 -84 -145

-52 86 34

-40 -30 -70

-93 95 2

45 -26 19

79 -81 -2

-51 -19 -70

14 8 22

-27 -39 -66

25 98 123

18 81 99

-17 15 -2

26 91 117

-82 -42 -124

-7 60 53

-11 -43 -54

-38 30 -8

-62 33 -29

-92 -40 -132

-4 -46 -50

10 -68 -58

-45 89 44

-57 69 12

-1 -66 -67

36 52 88

-89 19 -70

-77 84 7

39 -20 19

12 86 98

-96 9 -87

4 -8 -4

-63 87 24

-71 -1 -72

76 80 156

-4 91 87

67 -52 15

-81 -36 -117

62 -71 -9

-9 -97 -106

34 29 63

15 44 59

-64 -97 -161

-88 98 10

-44 -64 -108

78 -66 12

42 46 88

3 -20 -17

86 -14 72

58 44 102

85 -13 72

41 8 49

16 92 108

49 47 96

63 95 158

-94 -35 -129

-88 -96 -184

79 48 127

-59 43 -16

88 -98 -10

73 37 110

46 -97 -51

75 25 100

15 69 84

-33 6 -27

-4 91 87

-46 -98 -144

-81 55 -26

24 15 39

-57 3 -54

26 14 40

55 64 119

-93 47 -46

-94 82 -12

-65 -83 -148

42 89 131

-94 -4 -98

90 83 173

-56 100 44

-54 -63 -117

34 62 96

-31 70 39

43 -13 30

-72 19 -53

53 -8 45

-9 92 83

-20 13 -7

17 7 24

53 67 120

57 -29 28

-55 -99 -154

-29 -13 -42

77 -23 54

6 -18 -12

8 52 60

3 -18 -15

19 19 38

-25 -44 -69

-20 96 76

-4 59 55
